   5   86   68   28 30.2 0.364   24 
   5   77   82   41 35.8 0.156   35 
   0  165   76   43 47.9 0.259   26 
   0  107   60   25 26.4 0.133   23 
   3   83   58   31 34.3 0.336   25 
   1  193   50   16 25.9 0.655   24 
   3  142   80   15 32.4  0.2   63 
   9  154   78   30 30.9 0.164   45 
   1   86   66   52 41.3 0.917   29 
   4   99   76   15 23.2 0.223   21 
   1  109   60    8 25.4 0.947   21 
   0  139   62   17 22.1 0.207   21 
   2   99   70   16 20.4 0.235   27 
   1  100   66   29   32 0.444   42 
   4   83   86   19 29.3 0.317   34 
   0  101   64   17   21 0.252   21 
   1   87   68   34 37.6 0.401   24 
   1   99   58   10 25.4 0.551   21 
   5  108   72   43 36.1 0.263   33 
   2  110   74   29 32.4 0.698   27 
   1   79   60   42 43.5 0.678   23 
   3  148   66   25 32.5 0.256   22 
   3  158   64   13 31.2 0.295   24 
  13  145   82   19 22.2 0.245   57 
   1   79   80   25 25.4 0.583   22 
   1   71   48   18 20.4 0.323   22 
   0  102   86   17 29.3 0.695   27 
   0  119   66   27 38.8 0.259   22 
   1   97   68   21 27.2 1.095   22 
   4  129   60   12 27.5 0.527   31 
   1   97   64   19 18.2 0.299   21 
   0   86   68   32 35.8 0.238   25 
   2  125   60   20 33.8 0.088   31 
   5  123   74   40 34.1 0.269   28 
   2   92   76   20 24.2 1.698   28 
   3  116   74   15 26.3 0.107   24 
   2   83   66   23 32.2 0.497   22 
   1  114   66   36 38.1 0.289   21 
   1  106   70   28 34.2 0.142   22 
   4  127   88   11 34.5 0.598   28 
   1  124   74   36 27.8  0.1   30 
   1  109   38   18 23.1 0.407   26 
   2  123   48   32 42.1 0.52   26 
   1   96   64   27 33.2 0.289   21 
  10  129   76   28 35.9 0.28   39 
   6   92   62   32   32 0.085   46 
   6  109   60   27   25 0.206   27 
   3  106   54   21 30.9 0.292   24 
   0  135   94   46 40.6 0.284   26 
   2  121   70   32 39.1 0.886   23 
   2  101   58   17 24.2 0.614   23 
   2   96   68   13 21.1 0.647   26 
  12  121   78   17 26.5 0.259   62 
   2  100   64   23 29.7 0.368   21 
   4  154   72   29 31.3 0.338   37 
   2  122   76   27 35.9 0.483   26 
   2  114   68   22 28.7 0.092   25 
   7  114   76   17 23.8 0.466   31 
   2  115   64   22 30.8 0.421   21 
   1  130   60   23 28.6 0.692   21 
   1   79   75   30   32 0.396   22 
   4  112   78   40 39.4 0.236   38 
   1   91   54   25 25.2 0.234   23 
   1  100   72   12 25.3 0.658   28 
   4  110   76   20 28.4 0.118   27 
   2   94   76   18 31.6 0.649   23 
   2   84   50   23 30.4 0.968   21 
   3   61   82   28 34.4 0.243   46 
   3   99   80   11 19.3 0.284   30 
   4  154   62   31 32.8 0.237   23 
   6  103   72   32 37.7 0.324   55 
   6  111   64   39 34.2 0.26   24 
   1  143   74   22 26.2 0.256   21 
   1   81   74   41 46.3 1.096   32 
   4  189  110   31 28.5 0.68   37 
   4  116   72   12 22.1 0.463   37 
   1   71   78   50 33.2 0.422   21 
   0  137   84   27 27.3 0.231   59 
   1  136   74   50 37.4 0.399   24 
   1   93   56   11 22.5 0.417   22 
   1  107   72   30 30.8 0.821   24 
   1   97   70   40 38.1 0.218   30 
   2  112   86   42 38.4 0.246   28 
   2   99   52   15 24.6 0.637   21 
   1  109   56   21 25.2 0.833   23 
   1  120   80   48 38.9 1.162   41 
   7  179   95   31 34.2 0.164   60 
   6   80   66   30 26.2 0.313   41 
   2  105   58   40 34.9 0.225   25 
   3  191   68   15 30.9 0.299   34 
   0   95   80   45 36.5 0.33   26 
   4   99   72   17 25.6 0.294   28 
   0  137   68   14 24.8 0.143   21 
   1   97   70   15 18.2 0.147   21 
   0  100   88   60 46.8 0.962   31 
   2  122   70   27 36.8 0.34   27 
   1   90   62   12 27.2 0.58   24 
   3  120   70   30 42.9 0.452   30 
   6  154   78   41 46.1 0.571   27 
   2   56   56   28 24.2 0.332   22 
   3  124   80   33 33.2 0.305   26 
   8   85   55   20 24.4 0.136   42 
  12   88   74   40 35.3 0.378   48 
   5  139   64   35 28.6 0.411   26 
   2  142   82   18 24.7 0.761   21 
   8  126   74   38 25.9 0.162   39 
   2  100   54   28 37.8 0.498   24 
   1  164   82   43 32.8 0.341   50 
   4   95   60   32 35.4 0.284   28 
   2  122   52   43 36.2 0.816   28 
   4   85   58   22 27.8 0.306   28 
   6  144   72   27 33.9 0.255   40 
   3  111   90   12 28.4 0.495   29 
   1  107   68   19 26.5 0.165   24 
   5  105   72   29 36.9 0.159   28 
   7  124   70   33 25.5 0.161   37 
   1  111   62   13   24 0.138   23 
   7  137   90   41   32 0.391   39 
   9   57   80   37 32.8 0.096   41 
   2  157   74   35 39.4 0.134   30 
   2   95   54   14 26.1 0.748   22 
  12  140   85   33 37.4 0.244   41 
   0  117   66   31 30.8 0.493   22 
   9  123   70   44 33.1 0.374   40 
   0   74   52   10 27.8 0.269   22 
   0  119   64   18 34.9 0.725   23 
   5  155   84   44 38.7 0.619   34 
   2  112   68   22 34.1 0.315   26 
   1  140   74   26 24.1 0.828   23 
   2  141   58   34 25.4 0.699   24 
   0  106   70   37 39.4 0.605   22 
   1  118   58   36 33.3 0.261   23 
